11 12
30 23
21 20
12 19
6 18
25 22
4 26
14 26
19 8
16 30
27 32
1 0
24 32
49 23
9 7
45 17
64 29
29 30
46 7
45 32
18 8
38 3
58 2
12 14
21 20
37 21
39 25
30 13
45 3
22 6
37 9
62 26
22 5
15 24
50 19
15 4
27 20
40 14
36 7
59 20
41 18
29 32
4 24
13 23
50 32
49 0
11 6
56 1
29 4
45 18
19 10
4 26
33 11
61 3
43 25
56 5
12 5
7 4
19 17
20 27
58 8
59 28
47 21
28 2
12 0
52 0
21 30
7 29
23 22
22 19
36 20
26 17
62 16
19 10
4 10
50 25
48 29
4 24
8 30
2 15
47 8
12 27
18 25
47 27
60 6
64 3
33 13
45 28
27 29
61 18
64 26
4 7
2 16
20 0
44 20
0 3
36 5
42 6
64 11
17 24
13 31
49 17
40 19
27 8
20 0
62 31
40 29
60 20
55 29
60 12
16 22
35 1
23 15
14 27
26 11
28 1
1 11
40 19
56 9
31 1
27 1
3 7
39 22
52 12
46 17
51 21
50 23
10 17
35 13
63 16
63 7
52 13
14 29
20 22
39 6
61 2
43 21
17 23
15 15
50 10
45 30
34 26
10 4
0 18
29 21
9 22
41 4
57 9
64 11
1 30
49 24
46 5
36 7
20 20
37 16
2 24
24 13
52 13
15 2
11 3
3 3
8 7
10 2
13 22
14 31
25 9
16 3
36 22
1 23
46 10
23 1
51 12
6 11
54 26
52 10
31 8
60 31
32 30
12 3
36 13
30 19
12 29
30 22
33 22
13 24
31 3
33 19
26 18
21 29
18 7
9 16
51 19
29 18
58 9
31 9
22 20
30 25
7 15
19 31
11 19
31 23
10 3
56 26
10 5
33 18
37 6
20 9
24 31
14 1
25 31
57 14
53 31
46 1
2 29
22 24
61 19
33 12
4 8
15 19
29 4
41 3
42 0
52 29
24 14
29 4
10 1
56 10
8 27
5 19
58 30
15 0
61 5
6 5
4 27
60 22
0 0
15 12
60 4
24 31
7 26
42 17
45 7
30 4
11 9
44 27
15 17
24 8
36 0
22 14
32 31
62 14
55 28
44 20
17 12
50 31
31 22
45 4
64 7
19 25
53 30
18 20
13 5
31 19
58 3
7 25
25 23
13 16
5 17
43 8
10 5
20 12
57 17
33 2
7 11
30 16
17 31
37 14
0 18
2 20
6 24
46 29
15 29
58 28
58 15
12 22
36 19
30 11
38 5
54 9
5 11
55 23
44 8
41 25
19 10
35 16
51 32
50 3
46 3
47 25
53 14
